MeshAnim
1
59
56
30
0 0.2413995 -0.9704258 0
0 0.9704258 0.2413995 0
1 0 0 0
0 0.6473372 0.3624817 1

0 -0.00473924 -0.9999888 0
0 0.9999888 -0.00473924 0
1 0 0 0
-1.577722E-32 0.5970964 0.5395235 1

0.6206456 -0.7365708 0.2688168 0
0.6764344 0.6763599 0.2915027 0
-0.3965292 0.000917092 0.9180216 0
-0.412618 0.6736283 0.2958989 1

-0.6204529 -0.7366149 0.2691412 0
-0.676554 0.6763113 0.2913383 0
-0.3966273 -0.001326755 -0.917979 0
0.412618 0.673628 0.295899 1

-0.01110276 -0.6001358 0.7998212 0
-0.008330025 0.7998982 0.600078 0
-0.9999037 -9.546056E-09 -0.01388022 0
1.255557E-17 0.8235288 0.1895958 1

0 0.02007632 -0.9997985 0
0 0.9997985 0.02007632 0
1 0 0 0
7.888609E-33 0.5706542 0.7253731 1

0.7248848 -0.6750355 0.1373644 0
0.6632424 0.7377853 0.1256285 0
-0.1861491 3.97265E-05 0.9825215 0
-0.4709961 0.6403948 0.4574237 1

-0.7248871 -0.6750326 0.1373676 0
-0.6632383 0.737788 0.1256341 0
-0.1861553 -3.695488E-05 -0.9825204 0
0.470996 0.640395 0.457424 1

0.8219416 0.2761435 0.4981534 0
-0.2360862 0.9611164 -0.1432427 0
-0.518339 0.0001299828 0.8551753 0
-1.073374 1.457801 0.009709537 1

-0.8219546 0.2761277 0.4981408 0
0.2358033 0.9611208 -0.1436793 0
-0.5184473 -0.0006345212 -0.8551096 0
1.073168 1.457847 0.009364367 1

-0.01133585 0.1892039 0.9818724 0
0.002184229 0.9819379 -0.1891913 0
-0.9999334 -1.001172E-08 -0.01154437 0
0.008879925 1.303514 -0.4500969 1

0 -0.3616938 -0.932297 0
0 0.932297 -0.3616938 0
1 0 0 0
1.577722E-32 0.5877135 0.9446936 1

0.7077837 -0.6835355 -0.178387 0
0.6628993 0.7299173 -0.1666891 0
0.2441456 -0.0002728403 0.9697387 0
-0.5069087 0.5981811 0.7181738 1

-0.7077819 -0.6835361 -0.1783908 0
-0.6629 0.7299168 -0.1666888 0
0.2441483 0.0002759248 -0.9697379 0
0.506909 0.598181 0.718174 1

0.9478195 0.2544493 0.1920771 0
-0.2493751 0.9670861 -0.05056192 0
-0.1986205 2.43783E-05 0.9800765 0
-1.275159 1.389257 0.3050361 1

-0.9478196 0.2544519 0.192074 0
0.249378 0.9670855 -0.05056094 0
-0.1986173 -2.364814E-05 -0.9800772 0
1.275161 1.389253 0.305033 1

0.5153896 0.7263263 0.4547786 0
-0.5450584 0.6873499 -0.4800639 0
-0.6612751 -0.0004609525 0.7501433 0
-1.889983 1.183449 -0.4852125 1

-0.5155383 0.7263701 0.4545403 0
0.5452115 0.6873039 -0.4799566 0
-0.6610333 0.0003846437 -0.7503567 0
1.889787 1.183512 -0.485543 1

6.426126E-08 0.2413997 -0.9704258 0
2.793968E-09 0.9704257 0.2413997 0
1 -1.95774E-08 6.326906E-08 0
0.02057169 1.10837 -1.462797 1

1 4.311726E-08 1.111385E-07 0
0 1 5.960464E-08 0
-1.192093E-07 -2.980232E-08 1 0
4.733165E-32 0.8648373 1.210089 1

0.4780444 -0.69734 -0.5340325 0
0.4653213 0.7167406 -0.5193833 0
0.7449494 -0.0002084076 0.6671211 0
-0.5161236 0.5828266 0.9451182 1

-0.4780428 -0.6973425 -0.5340306 0
-0.4653232 0.7167381 -0.5193852 0
0.7449493 0.0002085418 -0.6671211 0
0.516124 0.582827 0.945118 1

0.9008733 0.2634173 -0.3450202 0
-0.2460198 0.964682 0.09414366 0
0.3576338 7.016957E-05 0.9338622 0
-1.325798 1.389016 0.9245634 1

-0.9008726 0.2634166 -0.3450222 0
0.2460185 0.9646823 0.09414454 0
0.357636 -6.961823E-05 -0.9338611 0
1.325796 1.389016 0.9245678 1

0.6267165 0.7597119 0.1733904 0
-0.732242 0.6502599 -0.202444 0
-0.2665479 -8.875132E-05 0.9638216 0
-2.19951 1.141108 0.1177151 1

-0.626718 0.7597111 0.1733891 0
0.7322422 0.650261 -0.2024412 0
-0.2665449 8.922815E-05 -0.9638225 0
2.199507 1.141103 0.117716 1

0.2578897 0.9173163 0.3033543 0
-0.5956879 0.3981584 -0.6975855 0
-0.7606896 -0.0008043498 0.6491154 0
-2.422587 0.4328628 -0.955181 1

-0.2579934 0.9173473 0.3031724 0
0.5959267 0.3980874 -0.6974224 0
-0.7604677 0.0007381737 -0.6493757 0
2.422545 0.4328802 -0.9552655 1

0.2698149 0.06619371 -0.9606344 0
-0.0178993 0.9978069 0.06372775 0
0.9627459 3.72529E-08 0.270408 0
-0.1093052 0.8689617 1.2992 1

-0.2477467 0.03878495 -0.9680483 0
0.009616056 0.9992477 0.03757402 0
0.9687773 6.705523E-08 -0.2479333 0
0.109305 0.8689619 1.2992 1

0.498507 0.2803507 -0.8203014 0
-0.1456123 0.9598976 0.2395697 0
0.8545688 1.883507E-05 0.5193383 0
-1.073028 1.395202 1.567247 1

-0.4985102 0.2803543 -0.8202983 0
0.1456152 0.9598967 0.2395721 0
0.8545665 -1.873821E-05 -0.5193422 0
1.073024 1.395202 1.567241 1

0.6083885 0.7656186 -0.2090255 0
-0.7240842 0.6432948 0.2487454 0
0.3249091 1.813471E-05 0.9457453 0
-2.20731 1.13126 1.262169 1

-0.6083872 0.7656186 -0.2090299 0
0.7240819 0.6432951 0.248751 0
0.3249162 -1.773238E-05 -0.945743 0
2.207307 1.13126 1.262175 1

0.3409474 0.9292449 0.1423335 0
-0.8577679 0.3694643 -0.3573937 0
-0.3846934 -0.0002366006 0.9230444 0
-2.825667 0.382075 -0.05552045 1

-0.3409398 0.9292488 0.1423264 0
0.8577759 0.3694547 -0.3573848 0
-0.3846826 0.0002373904 -0.923049 0
2.825665 0.3820706 -0.05551821 1

-0.0007460713 0.2397741 -0.9708285 0
-0.002375305 0.9708254 0.2397753 0
0.9999969 0.002484944 -0.0001548088 0
-2.54428 3.576279E-07 -1.098328 1

0.001056641 0.2396751 -0.9708529 0
0.00229919 0.9708502 0.2396769 0
0.999997 -0.002485335 0.0004747769 0
2.544288 4.172325E-07 -1.098327 1

0.2794015 0.7637769 -0.5818759 0
-0.3306072 0.6454803 0.688516 0
0.9014621 2.235174E-08 0.4328583 0
-0.1605718 0.8563845 1.481727 1

-0.295248 0.7698921 -0.5657694 0
0.3561866 0.6381741 0.6825432 0
0.886544 8.940697E-08 -0.4626449 0
0.1558548 0.8616745 1.481089 1

0.3331366 0.7020707 -0.6293782 0
-0.3285203 0.7121075 0.6204656 0
0.8837955 6.365031E-05 0.4678735 0
-1.523666 1.141772 2.308779 1

-0.3331326 0.7020712 -0.6293796 0
0.3285168 0.7121067 0.6204683 0
0.8837984 -6.35609E-05 -0.4678682 0
1.523664 1.141769 2.30877 1

0.347113 0.92844 -0.1323321 0
-0.8675897 0.3714825 0.3305894 0
0.3560914 5.796552E-05 0.9344512 0
-2.809375 0.3735986 1.469022 1

-0.3471168 0.9284382 -0.1323349 0
0.8675863 0.3714869 0.3305931 0
0.3560959 -5.753338E-05 -0.9344496 0
2.809371 0.3736002 1.469032 1

-2.799183E-05 -0.005072072 -0.9999874 0
-0.001413375 0.9999864 -0.005071849 0
0.9999992 0.001413313 -3.52416E-05 0
-2.965853 -1.788139E-07 -0.1140433 1

2.678484E-05 -0.00507246 -0.9999872 0
0.001416117 0.9999862 -0.005072162 0
0.9999992 -0.001415912 3.400218E-05 0
2.965846 -2.980232E-07 -0.1140373 1

-0.3202661 0.920471 0.2239714 0
0.754317 0.3908115 -0.5275155 0
-0.5730931 -2.980232E-08 -0.8194904 0
-0.2134671 0.7117889 1.591885 1

0.2814465 0.9461365 0.1600435 0
-0.8224609 0.3237683 -0.4676889 0
-0.4943145 -1.490116E-08 0.8692836 0
0.2111996 0.7173568 1.587144 1

0.1044433 0.934904 -0.339185 0
-0.2755834 0.3549013 0.893364 0
0.9555864 0.0001678467 0.2947111 0
-1.885994 0.3781803 2.993308 1

-0.1044345 0.934902 -0.3391927 0
0.2755557 0.354906 0.8933706 0
0.9555953 -0.0001676753 -0.2946821 0
1.885989 0.3781751 2.993302 1

4.939735E-06 0.0205286 -0.9997894 0
-0.001350492 0.9997883 0.02052851 0
0.9999994 0.001349994 3.245895E-05 0
-2.949051 1.788139E-07 1.522271 1

-6.057322E-06 0.02052806 -0.9997894 0
0.001347512 0.9997885 0.020528 0
0.9999992 -0.001347168 -3.365419E-05 0
2.949049 -2.384186E-07 1.522283 1

1 -1.226582E-07 4.091617E-07 0
7.636846E-08 1 2.980232E-08 0
-3.278256E-07 1.490116E-08 1 0
-0.1804539 0.6169063 1.568798 1

1 5.894976E-08 6.830351E-09 0
3.445893E-08 0.9999999 1.490116E-07 0
-2.980232E-08 -2.980232E-08 1 0
0.1812681 0.6167362 1.570123 1

0.0001570284 -0.3611835 -0.9324948 0
-0.0003085881 0.9324948 -0.3611835 0
0.9999999 0.000344498 3.500417E-05 0
-1.928243 5.960464E-08 3.130513 1

-0.0001570582 -0.3611834 -0.9324948 0
0.000308454 0.9324947 -0.3611835 0
1 -0.000344265 -3.506262E-05 0
1.928234 -1.192093E-07 3.130509 1

0 0.2413995 -0.9704258 0
0 0.9704258 0.2413995 0
1 0 0 0
-2.627709E-35 0.6470542 0.3624817 1

0 -0.00473924 -0.9999888 0
0 0.9999888 -0.00473924 0
1 0 0 0
-1.580349E-32 0.5968134 0.5395235 1

0.6204857 -0.7367447 0.2687098 0
0.676587 0.6761705 0.291588 0
-0.3965195 0.0008793324 0.918026 0
-0.412618 0.6733453 0.2958989 1

-0.6202978 -0.7367874 0.2690259 0
-0.6767032 0.6761233 0.2914278 0
-0.396615 -0.001278624 -0.9179842 0
0.412618 0.673345 0.295899 1

-0.01110162 -0.600239 0.7997438 0
-0.008331141 0.7998207 0.6001812 0
-0.9999038 2.053566E-07 -0.01387998 0
1.255557E-17 0.8232458 0.1895958 1

0 0.02007632 -0.9997985 0
0 0.9997985 0.02007632 0
1 0 0 0
7.862331E-33 0.5703712 0.7253731 1

0.7247187 -0.6752215 0.1373273 0
0.6634246 0.737615 0.1256651 0
-0.1861465 3.445148E-05 0.982522 0
-0.4709961 0.6401118 0.4574237 1

-0.724721 -0.6752183 0.1373305 0
-0.6634206 0.7376179 0.1256706 0
-0.1861526 -3.176928E-05 -0.9825209 0
0.470996 0.640112 0.457424 1

0.8219907 0.2759521 0.4981786 0
-0.2359261 0.9611713 -0.1431379 0
-0.5183342 0.0001246929 0.8551783 0
-1.073203 1.457703 0.009823412 1

-0.8220033 0.2759367 0.4981661 0
0.2356503 0.9611757 -0.1435633 0
-0.5184395 -0.0006164908 -0.8551142 0
1.073003 1.457748 0.009487063 1

-0.01133702 0.1888316 0.9819442 0
0.002179808 0.9820094 -0.1888191 0
-0.9999335 -1.960434E-07 -0.01154468 0
0.008879015 1.303314 -0.450035 1

0 -0.3616938 -0.932297 0
0 0.932297 -0.3616938 0
1 0 0 0
1.575094E-32 0.5874305 0.9446936 1

0.7076254 -0.6837135 -0.1783312 0
0.6630688 0.7297505 -0.1667455 0
0.2441434 -0.0002524257 0.969739 0
-0.5069087 0.5978981 0.7181738 1

-0.7076238 -0.6837143 -0.1783346 0
-0.6630696 0.7297498 -0.1667452 0
0.2441458 0.0002553761 -0.9697385 0
0.506909 0.597898 0.718174 1

0.9478688 0.2542595 0.1920855 0
-0.2491898 0.967136 -0.05052078 0
-0.1986183 2.124906E-05 0.980077 0
-1.274975 1.38918 0.3050774 1

-0.9478688 0.254262 0.1920824 0
0.2491925 0.9671354 -0.05051966 0
-0.198615 -2.05189E-05 -0.9800777 0
1.274977 1.389176 0.3050742 1

0.5154886 0.7262145 0.4548454 0
-0.5449637 0.6874682 -0.4800023 0
-0.6612762 -0.0004385412 0.7501425 0
-1.889862 1.183541 -0.4851236 1

-0.5156336 0.7262568 0.4546131 0
0.545113 0.6874235 -0.4798968 0
-0.6610399 0.0003645122 -0.7503505 0
1.889671 1.183602 -0.4854455 1

-7.366762E-07 0.2417677 -0.9703344 0
-4.499685E-06 0.9703341 0.2417675 0
1 4.5449E-06 3.752845E-07 0
0.02057198 1.108553 -1.462809 1

1 4.311726E-08 1.111385E-07 0
0 1 5.960464E-08 0
-1.192093E-07 -2.980232E-08 1 0
4.730538E-32 0.8645543 1.210089 1

0.477956 -0.6975117 -0.5338873 0
0.4654199 0.7165735 -0.5195256 0
0.7449446 -0.0001714528 0.6671264 0
-0.5161236 0.5825436 0.9451182 1

-0.4779544 -0.6975144 -0.5338854 0
-0.4654218 0.7165709 -0.5195274 0
0.7449445 0.0001714677 -0.6671266 0
0.516124 0.582544 0.945118 1

0.9009208 0.2632305 -0.3450381 0
-0.2458423 0.9647329 0.09408426 0
0.3576355 6.255507E-05 0.9338613 0
-1.325615 1.388939 0.9244989 1

-0.9009203 0.2632298 -0.3450401 0
0.2458413 0.9647331 0.09408502 0
0.3576376 -6.201863E-05 -0.9338605 0
1.325613 1.388939 0.9245028 1

0.6268337 0.7596091 0.173417 0
-0.7321417 0.65038 -0.2024215 0
-0.2665482 -8.115172E-05 0.9638216 0
-2.199374 1.141216 0.117748 1

-0.6268353 0.7596083 0.1734157 0
0.7321417 0.650381 -0.2024186 0
-0.2665451 8.170307E-05 -0.9638225 0
2.19937 1.141212 0.117749 1

0.2580151 0.9172533 0.303438 0
-0.5956326 0.3983036 -0.6975502 0
-0.7606906 -0.0007591397 0.6491144 0
-2.422568 0.4330705 -0.955161 1

-0.2581162 0.9172835 0.3032608 0
0.5958658 0.3982345 -0.6973904 0
-0.7604735 0.0006949604 -0.6493686 0
2.422527 0.4330875 -0.9552432 1

0.2699129 0.06377435 -0.9607707 0
-0.01723764 0.9979644 0.06140064 0
0.9627306 -1.133978E-05 0.2704628 0
-0.1093052 0.8686787 1.2992 1

-0.2478001 0.03631312 -0.9681305 0
0.008963027 0.9993405 0.0351897 0
0.9687697 4.265085E-05 -0.2479622 0
0.109305 0.8686789 1.2992 1

0.4985371 0.2801667 -0.8203459 0
-0.1455131 0.9599513 0.2394146 0
0.8545681 1.399219E-05 0.5193394 0
-1.072925 1.395119 1.567077 1

-0.4985403 0.2801704 -0.820343 0
0.1455161 0.9599503 0.239417 0
0.8545659 -1.399964E-05 -0.5193433 0
1.072921 1.395119 1.567072 1

0.6085285 0.7654939 -0.2090741 0
-0.7239654 0.643443 0.2487068 0
0.3249108 1.727045E-05 0.9457447 0
-2.207173 1.131366 1.262122 1

-0.6085273 0.7654939 -0.2090784 0
0.7239634 0.6434434 0.2487122 0
0.3249178 -1.692772E-05 -0.9457424 0
2.207171 1.131366 1.262128 1

0.3410908 0.9291873 0.1423659 0
-0.8577107 0.3696092 -0.357381 0
-0.3846938 -0.0002093762 0.9230443 0
-2.825647 0.382286 -0.05551401 1

-0.3410835 0.9291912 0.1423589 0
0.8577187 0.3695996 -0.357372 0
-0.3846827 0.0002101958 -0.923049 0
2.825646 0.3822817 -0.05551174 1

-0.0007119477 0.2398625 -0.9708069 0
-0.002242595 0.9708042 0.2398635 0
0.9999974 0.002347922 -0.0001532389 0
-2.54432 0.0002377629 -1.098347 1

0.001015037 0.2397663 -0.9708302 0
0.002168328 0.9708281 0.2397679 0
0.9999973 -0.002348525 0.0004655382 0
2.544327 0.0002378821 -1.098346 1

0.2795313 0.7634093 -0.582296 0
-0.3305082 0.6459152 0.6881557 0
0.9014583 9.270012E-05 0.4328665 0
-0.1605904 0.8565611 1.481753 1

-0.2954195 0.7694921 -0.5662238 0
0.3560816 0.6386566 0.6821467 0
0.8865288 -0.0001024827 -0.4626734 0
0.1558648 0.861856 1.481105 1

0.3332102 0.7019345 -0.629491 0
-0.3284473 0.7122414 0.6203503 0
0.8837948 4.746765E-05 0.4678747 0
-1.52359 1.141856 2.30865 1

-0.3332061 0.7019353 -0.6294925 0
0.3284439 0.7122408 0.620353 0
0.8837978 -4.749745E-05 -0.4678694 0
1.523589 1.141852 2.308641 1

0.3472832 0.9283682 -0.1323904 0
-0.8675206 0.3716622 0.330568 0
0.3560932 5.070865E-05 0.9344504 0
-2.809377 0.3738279 1.469022 1

-0.3472868 0.9283664 -0.1323931 0
0.8675175 0.3716667 0.3305714 0
0.3560975 -5.026162E-05 -0.9344491 0
2.809372 0.3738296 1.469033 1

-2.847612E-05 -0.005037233 -0.9999874 0
-0.001259059 0.9999866 -0.005037025 0
0.9999994 0.001258877 -3.500143E-05 0
-2.965893 0.0002344251 -0.1140502 1

2.743304E-05 -0.005037591 -0.9999874 0
0.001261562 0.9999866 -0.005037278 0
0.9999995 -0.001261505 3.381431E-05 0
2.965886 0.0002348423 -0.1140442 1

-0.3206202 0.9201604 0.2247387 0
0.7539715 0.3915415 -0.5274681 0
-0.5733497 0.000329718 -0.8193107 0
-0.2135103 0.7120352 1.591991 1

0.2817743 0.9459237 0.1607239 0
-0.8222083 0.3243899 -0.4677017 0
-0.4945472 -0.0003621429 0.869151 0
0.2112418 0.7176131 1.587244 1

0.1045407 0.9348383 -0.3393359 0
-0.2755478 0.3550738 0.8933063 0
0.955586 0.0001162738 0.2947122 0
-1.885999 0.3784117 2.993302 1

-0.1045318 0.9348366 -0.3393434 0
0.2755202 0.3550787 0.8933129 0
0.955595 -0.0001163259 -0.2946834 0
1.885994 0.3784064 2.993296 1

6.780028E-06 0.02046649 -0.9997905 0
-0.001166791 0.9997898 0.02046646 0
0.9999994 0.001166502 3.057779E-05 0
-2.949121 0.0002582073 1.522296 1

-8.173287E-06 0.02046593 -0.9997906 0
0.001164049 0.9997901 0.0204659 0
0.9999994 -0.001163761 -3.196846E-05 0
2.94912 0.0002580285 1.522307 1

1 0.0004609994 -0.000312545 0
-0.0004608595 0.9999996 0.0007249117 0
0.0003128946 -0.0007247478 0.9999999 0
-0.1804606 0.6171846 1.568825 1

1 -0.0003920307 0.0002675572 0
0.0003919219 0.9999999 0.0006397069 0
-0.0002678335 -0.0006395429 0.9999999 0
0.1812754 0.6170152 1.570152 1

0.000120759 -0.3613338 -0.9324365 0
-0.0002114475 0.9324366 -0.3613339 0
1 0.0002407694 3.62475E-05 0
-1.928287 0.0002575517 3.130568 1

-0.000120908 -0.3613338 -0.9324366 0
0.0002113879 0.9324365 -0.3613338 0
1 -0.0002407646 -3.644115E-05 0
1.928278 0.0002576113 3.130563 1

0 0.2413995 -0.9704258 0
0 0.9704258 0.2413995 0
1 0 0 0
-1.02684E-34 0.6462324 0.3624817 1

0 -0.00473924 -0.9999888 0
0 0.9999888 -0.00473924 0
1 0 0 0
-1.58799E-32 0.5959916 0.5395235 1

0.6202099 -0.7370451 0.2685227 0
0.6768497 0.6758432 0.291737 0
-0.3965025 0.000811249 0.9180334 0
-0.412618 0.6725235 0.2958989 1

-0.6200272 -0.7370867 0.2688304 0
-0.6769627 0.6757973 0.2915814 0
-0.3965956 -0.001199722 -0.9179928 0
0.412618 0.6725232 0.295899 1

-0.01109983 -0.6003957 0.7996264 0
-0.008332872 0.7997032 0.6003377 0
-0.9999039 4.668254E-07 -0.01387959 0
1.255557E-17 0.8224239 0.1895958 1

0 0.02007632 -0.9997985 0
0 0.9997985 0.02007632 0
1 0 0 0
7.785925E-33 0.5695494 0.7253731 1

0.7244312 -0.6755435 0.137261 0
0.66374 0.7373202 0.1257303 0
-0.1861416 2.263486E-05 0.982523 0
-0.4709961 0.63929 0.4574237 1

-0.7244334 -0.6755404 0.1372645 0
-0.6637359 0.737323 0.1257357 0
-0.1861479 -2.011657E-05 -0.9825219 0
0.470996 0.6392902 0.457424 1

0.8220814 0.2755989 0.4982246 0
-0.2356305 0.9612729 -0.1429443 0
-0.5183249 0.0001149625 0.8551838 0
-1.07291 1.457201 0.01002273 1

-0.8220937 0.2755837 0.4982126 0
0.2353618 0.9612771 -0.1433582 0
-0.5184274 -0.0005936027 -0.8551217 0
1.072715 1.457245 0.009695143 1

-0.01133915 0.1881831 0.9820687 0
0.002172075 0.982134 -0.1881707 0
-0.9999336 -5.699694E-07 -0.01154532 0
0.008877588 1.302617 -0.4499411 1

0 -0.3616938 -0.932297 0
0 0.932297 -0.3616938 0
1 0 0 0
1.567453E-32 0.5866087 0.9446936 1

0.7073507 -0.6840228 -0.1782355 0
0.6633636 0.7294607 -0.1668411 0
0.2441389 -0.0002197772 0.9697404 0
-0.5069087 0.5970763 0.7181738 1

-0.7073492 -0.6840235 -0.1782388 0
-0.6633644 0.7294599 -0.166841 0
0.2441412 0.0002224743 -0.9697397 0
0.506909 0.5970762 0.718174 1

0.9479589 0.2539109 0.1921019 0
-0.2488497 0.9672277 -0.05044405 0
-0.1986146 1.432002E-05 0.9800778 0
-1.274656 1.388716 0.3051509 1

-0.9479589 0.2539133 0.1920989 0
0.2488523 0.967227 -0.05044317 0
-0.1986115 -1.369417E-05 -0.9800785 0
1.274658 1.388712 0.3051473 1

0.5156784 0.7260019 0.4549698 0
-0.5447845 0.6876931 -0.4798841 0
-0.6612759 -0.0003945976 0.7501427 0
-1.889658 1.18339 -0.4849701 1

-0.5158201 0.7260427 0.454744 0
0.5449299 0.6876498 -0.4797807 0
-0.6610457 0.0003231168 -0.7503458 0
1.889472 1.18345 -0.4852836 1

-2.057292E-06 0.2424082 -0.9701745 0
-1.241174E-05 0.9701744 0.2424081 0
1 1.254086E-05 1.014985E-06 0
0.02057275 1.108526 -1.462844 1

1 4.311726E-08 1.111385E-07 0
0 1 5.960464E-08 0
-1.192093E-07 -2.980232E-08 1 0
4.722897E-32 0.8637325 1.210089 1

0.4778024 -0.6978094 -0.5336358 0
0.4655913 0.7162836 -0.5197718 0
0.744936 -0.0001080185 0.667136 0
-0.5161236 0.5817218 0.9451182 1

-0.4778008 -0.697812 -0.5336338 0
-0.4655931 0.7162811 -0.5197737 0
0.7449359 0.0001079589 -0.6671361 0
0.516124 0.5817221 0.945118 1

0.9010092 0.2628887 -0.3450683 0
-0.2455178 0.9648262 0.09397608 0
0.3576362 4.705787E-05 0.9338612 0
-1.325297 1.388475 0.9243882 1

-0.9010087 0.2628881 -0.3450702 0
0.2455168 0.9648263 0.0939768 0
0.3576381 -4.655123E-05 -0.9338604 0
1.325295 1.388475 0.924392 1

0.6270572 0.7594132 0.1734677 0
-0.7319505 0.6506089 -0.202378 0
-0.2665482 -6.714463E-05 0.9638216 0
-2.199143 1.141092 0.1178056 1

-0.6270586 0.7594123 0.1734663 0
0.7319503 0.6506097 -0.2023754 0
-0.2665452 6.762147E-05 -0.9638225 0
2.199139 1.141087 0.1178061 1

0.2582546 0.9171339 0.3035952 0
-0.5955291 0.3985788 -0.6974815 0
-0.7606905 -0.0006718934 0.6491145 0
-2.422561 0.4331391 -0.9551359 1

-0.2583537 0.917163 0.3034232 0
0.5957567 0.3985121 -0.6973253 0
-0.7604786 0.0006098747 -0.649363 0
2.422522 0.4331565 -0.9552166 1

0.2700939 0.05918962 -0.961013 0
-0.01598421 0.9982468 0.05699047 0
0.9627013 -3.169477E-05 0.2705665 0
-0.1093052 0.8678569 1.2992 1

-0.2479009 0.03162915 -0.9682692 0
0.00772824 0.9994997 0.03067075 0
0.9687547 0.0001203194 -0.2480213 0
0.109305 0.8678571 1.2992 1

0.4985943 0.2798295 -0.8204263 0
-0.1453308 0.9600498 0.2391306 0
0.8545658 3.97861E-06 0.5193432 0
-1.072746 1.394644 1.566785 1

-0.4985974 0.279833 -0.8204233 0
0.1453338 0.9600489 0.239133 0
0.8545635 -4.11272E-06 -0.519347 0
1.072742 1.394644 1.566779 1

0.6087859 0.7652658 -0.2091605 0
-0.7237488 0.6437145 0.248635 0
0.3249115 1.40965E-05 0.9457445 0
-2.206942 1.131236 1.26204 1

-0.6087847 0.7652657 -0.2091647 0
0.7237468 0.6437147 0.2486404 0
0.3249183 -1.381338E-05 -0.9457421 0
2.20694 1.131237 1.262046 1

0.341364 0.9290775 0.142428 0
-0.8576022 0.3698854 -0.3573564 0
-0.3846938 -0.0001579076 0.9230443 0
-2.825639 0.3823572 -0.05550712 1

-0.3413566 0.9290813 0.1424208 0
0.8576101 0.3698757 -0.3573475 0
-0.3846829 0.0001586527 -0.9230491 0
2.825638 0.382353 -0.05550531 1

-0.000649929 0.2400293 -0.9707657 0
-0.001989126 0.9707636 0.2400301 0
0.9999981 0.002086921 -0.000153273 0
-2.544426 0.0003625154 -1.098396 1

0.0009452403 0.2399364 -0.9707885 0
0.001916438 0.9707866 0.2399378 0
0.999998 -0.002087302 0.0004577657 0
2.544434 0.0003635883 -1.098397 1

0.2797855 0.762659 -0.5831565 0
-0.3302996 0.6468009 0.6874235 0
0.9014557 0.0002852678 0.4328714 0
-0.1606248 0.8566104 1.481799 1

-0.2957503 0.768681 -0.567152 0
0.3558615 0.6396325 0.6813467 0
0.886507 -0.0003191307 -0.4627154 0
0.1558837 0.8619143 1.481131 1

0.3333472 0.7016851 -0.6296966 0
-0.3283139 0.7124873 0.6201386 0
0.8837928 1.668185E-05 0.4678786 0
-1.523463 1.141686 2.308429 1

-0.333343 0.7016859 -0.6296982 0
0.3283106 0.7124867 0.6201413 0
0.8837956 -1.675636E-05 -0.4678732 0
1.523461 1.141683 2.308421 1

0.3475955 0.9282362 -0.1324948 0
-0.8673954 0.3719911 0.3305268 0
0.3560938 3.576279E-05 0.9344503 0
-2.8094 0.3739241 1.469027 1

-0.347599 0.9282346 -0.1324975 0
0.8673923 0.3719955 0.3305302 0
0.356098 -3.540516E-05 -0.9344487 0
2.809396 0.3739257 1.469036 1

-3.004074E-05 -0.004970416 -0.9999878 0
-0.0009649098 0.9999874 -0.004970253 0
0.9999998 0.0009647548 -3.500821E-05 0
-2.965997 0.0003510118 -0.1140688 1

2.877414E-05 -0.004970834 -0.999988 0
0.000967592 0.9999874 -0.004970714 0
0.9999998 -0.0009674435 3.363515E-05 0
2.96599 0.0003510118 -0.1140632 1

-0.3212374 0.9196259 0.2260417 0
0.7533271 0.3927944 -0.5274569 0
-0.5738509 0.0008444041 -0.8189593 0
-0.2135928 0.7122266 1.5922 1

0.2823395 0.945563 0.16185 0
-0.8217375 0.3254381 -0.4678012 0
-0.4950075 -0.0009194165 0.8688886 0
0.2113227 0.7178235 1.587444 1

0.1047209 0.9347182 -0.3396112 0
-0.275484 0.3553903 0.8932002 0
0.9555848 2.073497E-05 0.2947166 0
-1.886021 0.3785132 2.993305 1

-0.1047119 0.9347164 -0.3396188 0
0.2754563 0.3553949 0.8932068 0
0.9555938 -2.074242E-05 -0.2946876 0
1.886015 0.3785076 2.9933 1

1.303107E-05 0.02035426 -0.999793 0
-0.0008305013 0.9997925 0.02035424 0
0.9999998 0.0008300391 2.987259E-05 0
-2.94927 0.0004076958 1.522342 1

-1.447648E-05 0.02035367 -0.9997929 0
0.0008277893 0.9997926 0.02035363 0
0.9999998 -0.0008273583 -3.126446E-05 0
2.949269 0.0004072189 1.522353 1

0.9999989 0.001282359 -0.0009229266 0
-0.001280726 0.9999974 0.001928493 0
0.0009253324 -0.001927301 0.999998 0
-0.1804795 0.617431 1.568899 1

0.9999993 -0.001080228 0.0007959673 0
0.001079051 0.9999982 0.001672968 0
-0.0007976891 -0.00167194 0.9999986 0
0.1812962 0.6172639 1.570232 1

5.596876E-05 -0.361609 -0.9323299 0
-3.169477E-05 0.93233 -0.361609 0
1 4.971225E-05 4.071487E-05 0
-1.928381 0.000407815 3.130682 1

-5.602837E-05 -0.361609 -0.9323299 0
3.162026E-05 0.93233 -0.3616091 0
1 -4.975393E-05 -4.069871E-05 0
1.928372 0.0004072189 3.130678 1

0 0.2413995 -0.9704258 0
0 0.9704258 0.2413995 0
1 0 0 0
-2.25584E-34 0.6449108 0.3624817 1

0 -0.00473924 -0.9999888 0
0 0.9999888 -0.00473924 0
1 0 0 0
-1.60028E-32 0.5946699 0.5395235 1

0.6198259 -0.7374632 0.268261 0
0.6772151 0.675387 0.2919455 0
-0.396479 0.0007150322 0.9180436 0
-0.412618 0.6712019 0.2958989 1

-0.6196485 -0.7375035 0.2685601 0
-0.6773246 0.6753424 0.2917944 0
-0.3965694 -0.00109233 -0.9180042 0
0.412618 0.6712016 0.295899 1

-0.01109744 -0.6006021 0.7994711 0
-0.008335174 0.7995481 0.6005443 0
-0.9999038 7.729977E-07 -0.01387906 0
1.255557E-17 0.8211023 0.1895958 1

0 0.02007632 -0.9997985 0
0 0.9997985 0.02007632 0
1 0 0 0
7.663025E-33 0.5682278 0.7253731 1

0.7240301 -0.6759921 0.1371675 0
0.6641793 0.7369089 0.1258221 0
-0.1861347 4.827976E-06 0.9825242 0
-0.4709961 0.6379684 0.4574237 1

-0.7240324 -0.6759889 0.1371708 0
-0.6641752 0.7369118 0.1258275 0
-0.1861408 -2.339482E-06 -0.982523 0
0.470996 0.6379685 0.457424 1

0.8222104 0.2750949 0.4982901 0
-0.2352085 0.9614171 -0.1426681 0
-0.5183118 0.000101164 0.8551918 0
-1.072501 1.456325 0.0103012 1

-0.8222224 0.2750803 0.4982784 0
0.2349477 0.9614213 -0.1430703 0
-0.5184111 -0.0005662441 -0.8551313 0
1.072312 1.456367 0.009983003 1

-0.01134217 0.1872772 0.9822417 0
0.002161254 0.9823071 -0.1872648 0
-0.9999335 -1.11619E-06 -0.01154625 0
0.008875673 1.301461 -0.4498169 1

0 -0.3616938 -0.932297 0
0 0.932297 -0.3616938 0
1 0 0 0
1.555163E-32 0.5852871 0.9446936 1

0.7069672 -0.6844537 -0.178103 0
0.6637747 0.7290564 -0.1669733 0
0.2441326 -0.0001756996 0.969742 0
-0.5069087 0.5957547 0.7181738 1

-0.7069657 -0.6844546 -0.1781059 0
-0.6637756 0.7290555 -0.1669732 0
0.2441346 0.0001781434 -0.9697415 0
0.506909 0.5957546 0.718174 1

0.948087 0.2534145 0.1921255 0
-0.2483653 0.9673578 -0.05033432 0
-0.1986095 4.023314E-06 0.9800786 0
-1.274211 1.387892 0.3052546 1

-0.948087 0.2534168 0.1921223 0
0.2483678 0.9673572 -0.05033322 0
-0.1986061 -3.308058E-06 -0.9800794 0
1.274213 1.387888 0.3052514 1

0.5159526 0.7256953 0.4551476 0
-0.5445263 0.6880162 -0.4797134 0
-0.6612746 -0.0003304929 0.7501439 0
-1.889378 1.183014 -0.4847566 1

-0.5160903 0.7257349 0.4549284 0
0.5446682 0.6879746 -0.4796121 0
-0.6610503 0.0002618134 -0.7503416 0
1.889197 1.183072 -0.4850612 1

-3.86592E-06 0.2433029 -0.9699506 0
-2.350006E-05 0.9699503 0.2433028 0
1 2.373474E-05 1.968415E-06 0
0.02057396 1.108304 -1.462898 1

1 4.311726E-08 1.111385E-07 0
0 1 5.960464E-08 0
-1.192093E-07 -2.980232E-08 1 0
4.710607E-32 0.8624108 1.210089 1

0.4775878 -0.6982244 -0.5332847 0
0.4658305 0.7158791 -0.5201147 0
0.7449241 -1.989305E-05 0.6671494 0
-0.5161236 0.5804002 0.9451182 1

-0.4775863 -0.698227 -0.5332829 0
-0.4658323 0.7158765 -0.5201165 0
0.7449239 1.983345E-05 -0.6671495 0
0.516124 0.5804005 0.945118 1

0.901135 0.2624026 -0.3451098 0
-0.245056 0.9649585 0.09382276 0
0.357636 2.419949E-05 0.9338612 0
-1.324853 1.387652 0.9242349 1

-0.9011345 0.2624018 -0.3451116 0
0.245055 0.9649588 0.09382328 0
0.3576378 -2.384186E-05 -0.9338606 0
1.324851 1.387652 0.9242382 1

0.6273791 0.7591306 0.1735407 0
-0.7316746 0.6509386 -0.2023151 0
-0.2665479 -4.701316E-05 0.9638216 0
-2.198823 1.140752 0.1178863 1

-0.6273807 0.7591296 0.1735393 0
0.7316745 0.6509396 -0.2023121 0
-0.2665446 4.754961E-05 -0.9638225 0
2.198819 1.140747 0.1178873 1

0.2586006 0.9169616 0.3038207 0
-0.5953801 0.398975 -0.697382 0
-0.7606894 -0.0005454272 0.6491159 0
-2.422563 0.4330803 -0.9551064 1

-0.2586969 0.9169899 0.3036538 0
0.5956025 0.3989104 -0.6972292 0
-0.7604827 0.0004860014 -0.6493583 0
2.422526 0.433097 -0.9551846 1

0.270343 0.05259936 -0.9613262 0
-0.01418168 0.9986158 0.05065157 0
0.9626597 -6.001443E-05 0.2707148 0
-0.1093052 0.8665352 1.2992 1

-0.2480367 0.02489746 -0.9684308 0
0.005954498 0.9996901 0.02417609 0
0.9687324 0.0002300628 -0.2481081 0
0.109305 0.8665355 1.2992 1

0.4986766 0.2793489 -0.8205401 0
-0.1450708 0.9601899 0.2387262 0
0.854562 -1.083314E-05 0.5193495 0
-1.072496 1.393806 1.566376 1

-0.4986797 0.2793524 -0.820537 0
0.1450738 0.9601888 0.2387286 0
0.8545597 1.075864E-05 -0.5193533 0
1.072492 1.393806 1.56637 1

0.6091521 0.764941 -0.2092819 0
-0.7234407 0.6441004 0.2485327 0
0.3249113 8.776784E-06 0.9457446 0
-2.206621 1.130889 1.261928 1

-0.6091511 0.7649409 -0.2092862 0
0.7234387 0.6441008 0.2485377 0
0.324918 -8.59797E-06 -0.9457424 0
2.206619 1.13089 1.261933 1

0.341758 0.928919 0.1425174 0
-0.8574452 0.3702832 -0.3573204 0
-0.3846934 -8.377433E-05 0.9230443 0
-2.825641 0.3822997 -0.05549935 1

-0.3417506 0.9289228 0.1425103 0
0.8574532 0.3702736 -0.3573112 0
-0.3846824 8.456409E-05 -0.923049 0
2.825639 0.3822955 -0.05549702 1

-0.0005612671 0.2402687 -0.9707065 0
-0.001622915 0.9707049 0.2402694 0
0.9999987 0.001710225 -0.0001548775 0
-2.544592 0.000385046 -1.098473 1

0.000849098 0.2401793 -0.9707283 0
0.001552761 0.9707272 0.2401802 0
0.9999986 -0.001711194 0.0004512391 0
2.5446 0.0003857017 -1.098474 1

0.2801554 0.7615492 -0.584428 0
-0.3299866 0.648107 0.6863427 0
0.9014555 0.0005709007 0.4328717 0
-0.1606721 0.856541 1.481858 1

-0.2962285 0.7674838 -0.5685221 0
0.3555325 0.641068 0.6801682 0
0.8864793 -0.0006429479 -0.4627682 0
0.1559092 0.8618575 1.481161 1

0.3335431 0.7013296 -0.6299888 0
-0.3281242 0.7128373 0.6198369 0
0.8837894 -2.773106E-05 0.4678852 0
-1.523287 1.141282 2.308123 1

-0.3335389 0.7013304 -0.6299903 0
0.3281209 0.7128366 0.6198395 0
0.8837922 2.761185E-05 -0.4678798 0
1.523286 1.141279 2.308115 1

0.3480397 0.9280488 -0.1326422 0
-0.8672173 0.3724588 0.3304675 0
0.3560937 1.373887E-05 0.9344504 0
-2.809442 0.3738981 1.469034 1

-0.3480434 0.9280471 -0.1326451 0
0.8672143 0.3724633 0.3304707 0
0.3560977 -1.345575E-05 -0.934449 0
2.809438 0.3739002 1.469043 1

-3.242493E-05 -0.004874095 -0.9999883 0
-0.0005410016 0.9999881 -0.004873857 0
0.9999999 0.0005409005 -3.519739E-05 0
-2.966161 0.0003586411 -0.1140978 1

3.150105E-05 -0.004874423 -0.999988 0
0.0005434752 0.999988 -0.004874125 0
1 -0.0005435581 3.410729E-05 0
2.966154 0.0003587008 -0.1140917 1

-0.3220921 0.9188846 0.2278329 0
0.7524058 0.3945236 -0.5274817 0
-0.5745804 0.001525164 -0.8184472 0
-0.2137102 0.7123673 1.5925 1

0.2831197 0.945066 0.1633817 0
-0.8210633 0.3268756 -0.4679822 0
-0.4956796 -0.001651719 0.868504 0
0.2114379 0.7179911 1.587731 1

0.1049782 0.9345468 -0.3400029 0
-0.2753936 0.3558405 0.8930488 0
0.9555826 -0.0001160204 0.2947236 0
-1.886058 0.378496 2.993317 1

-0.1049692 0.934545 -0.3400107 0
0.275366 0.3558452 0.8930555 0
0.9555916 0.0001159981 -0.2946947 0
1.886053 0.3784906 2.993311 1

2.287328E-05 0.02019544 -0.9997962 0
-0.0003520548 0.9997959 0.02019539 0
1 0.0003513471 2.987346E-05 0
-2.949491 0.000457108 1.522409 1

-2.453476E-05 0.02019466 -0.9997962 0
0.0003491938 0.9997962 0.02019462 0
1 -0.0003485715 -3.15317E-05 0
2.94949 0.0004571676 1.522419 1

0.9999957 0.002434006 -0.00180895 0
-0.002427622 0.9999908 0.00356774 0
0.001817644 -0.003563255 0.9999923 0
-0.1805087 0.6176482 1.569015 1

0.9999967 -0.002040383 0.001566134 0
0.002035529 0.9999934 0.003063515 0
-0.001572415 -0.003060266 0.999994 0
0.1813284 0.6174845 1.570356 1

-3.582239E-05 -0.3620006 -0.932178 0
0.0002251714 0.932178 -0.3620006 0
1 -0.0002228896 4.811236E-05 0
-1.928523 0.0004597902 3.130852 1

3.576279E-05 -0.3620006 -0.932178 0
-0.0002251565 0.9321779 -0.3620007 0
1 0.0002228341 -4.80908E-05 0
1.928514 0.0004597306 3.130848 1

0 0.2413995 -0.9704258 0
0 0.9704258 0.2413995 0
1 0 0 0
-3.913406E-34 0.6431285 0.3624817 1

0 -0.00473924 -0.9999888 0
0 0.9999888 -0.00473924 0
1 0 0 0
-1.616856E-32 0.5928877 0.5395235 1

0.6193414 -0.7379904 0.2679302 0
0.6776756 0.674811 0.2922087 0
-0.3964493 0.0005927831 0.9180565 0
-0.412618 0.6694196 0.2958989 1

-0.6191695 -0.7380293 0.2682199 0
-0.6777815 0.674768 0.2920624 0
-0.3965368 -0.0009583533 -0.9180184 0
0.412618 0.6694193 0.295899 1

-0.01109448 -0.6008552 0.7992811 0
-0.008338009 0.799358 0.6007973 0
-0.9999038 1.11945E-06 -0.01387839 0
1.255557E-17 0.8193201 0.1895958 1

0 0.02007632 -0.9997985 0
0 0.9997985 0.02007632 0
1 0 0 0
7.497268E-33 0.5664455 0.7253731 1

0.723524 -0.6765581 0.137049 0
0.6647332 0.7363894 0.1259387 0
-0.1861262 -1.873076E-05 0.9825259 0
-0.4709961 0.6361861 0.4574237 1

-0.7235262 -0.676555 0.1370523 0
-0.6647291 0.7363923 0.1259439 0
-0.1861322 2.111495E-05 -0.9825248 0
0.470996 0.6361863 0.457424 1

0.8223751 0.274451 0.4983734 0
-0.2346693 0.9616011 -0.1423155 0
-0.5182949 8.374453E-05 0.855202 0
-1.071985 1.455104 0.01065347 1

-0.8223867 0.2744368 0.498362 0
0.2344166 0.9616051 -0.1427053 0
-0.518391 -0.000534609 -0.8551437 0
1.071802 1.455144 0.0103451 1

-0.01134601 0.1861324 0.9824593 0
0.002147568 0.9825246 -0.1861201 0
-0.9999334 -1.823064E-06 -0.01154746 0
0.008873304 1.299881 -0.4496649 1

0 -0.3616938 -0.932297 0
0 0.932297 -0.3616938 0
1 0 0 0
1.538588E-32 0.5835049 0.9446936 1

0.7064823 -0.6849975 -0.1779361 0
0.6642936 0.7285454 -0.1671392 0
0.2441245 -0.0001208931 0.9697439 0
-0.5069087 0.5939724 0.7181738 1

-0.7064808 -0.6849982 -0.1779392 0
-0.6642944 0.7285447 -0.1671393 0
0.2441267 0.0001232922 -0.9697433 0
0.506909 0.5939723 0.718174 1

0.94825 0.2527809 0.192156 0
-0.2477474 0.9675236 -0.05019408 0
-0.1986035 -9.62615E-06 0.9800801 0
-1.27365 1.386737 0.3053862 1

-0.9482501 0.2527833 0.1921526 0
0.24775 0.967523 -0.05019295 0
-0.1986 1.034141E-05 -0.9800808 0
1.273651 1.386733 0.3053828 1

0.5163051 0.7253019 0.4553751 0
-0.544195 0.688431 -0.4794942 0
-0.6612722 -0.000247553 0.750146 0
-1.889025 1.182433 -0.4844871 1

-0.5164387 0.7253401 0.4551626 0
0.5443335 0.6883909 -0.4793948 0
-0.6610539 0.0001822263 -0.7503384 0
1.88885 1.182489 -0.4847821 1

-6.144866E-06 0.2444329 -0.9696663 0
-3.752951E-05 0.9696662 0.2444328 0
1 3.789385E-05 3.216081E-06 0
0.02057554 1.107904 -1.46297 1

1 4.311726E-08 1.111385E-07 0
0 1 5.960464E-08 0
-1.192093E-07 -2.980232E-08 1 0
4.694031E-32 0.8606286 1.210089 1

0.4773166 -0.6987479 -0.5328417 0
0.4661323 0.715368 -0.520547 0
0.744909 9.10759E-05 0.6671661 0
-0.5161236 0.5786179 0.9451182 1

-0.4773152 -0.6987505 -0.5328395 0
-0.4661341 0.7153655 -0.5205491 0
0.7449089 -9.122491E-05 -0.6671662 0
0.516124 0.5786183 0.945118 1

0.9012952 0.2617823 -0.3451619 0
-0.2444665 0.9651269 0.09362745 0
0.3576351 -5.379319E-06 0.9338615 0
-1.324292 1.386499 0.9240417 1

-0.9012948 0.2617818 -0.3451638 0
0.2444657 0.965127 0.0936282 0
0.3576371 5.856156E-06 -0.9338607 0
1.32429 1.386499 0.9240453 1

0.6277924 0.7587674 0.1736345 0
-0.7313203 0.6513618 -0.2022343 0
-0.2665476 -2.136827E-05 0.9638219 0
-2.19842 1.140215 0.1179881 1

-0.6277938 0.7587664 0.173633 0
0.7313201 0.6513628 -0.2022311 0
-0.2665443 2.190471E-05 -0.9638228 0
2.198416 1.140211 0.1179892 1

0.259045 0.9167403 0.3041095 0
-0.5951893 0.3994832 -0.697254 0
-0.7606876 -0.0003825277 0.6491184 0
-2.422575 0.4329056 -0.9550719 1

-0.2591384 0.9167677 0.303948 0
0.5954064 0.3994211 -0.6971044 0
-0.7604859 0.000326097 -0.6493545 0
2.422539 0.4329215 -0.9551479 1

0.2706427 0.04416344 -0.9616666 0
-0.01187248 0.9990244 0.04253778 0
0.9626068 -9.511411E-05 0.270903 0
-0.1093052 0.864753 1.2992 1

-0.2481937 0.01628231 -0.9685737 0
0.003684458 0.9998675 0.0158643 0
0.9687034 0.0003687851 -0.2482208 0
0.109305 0.8647532 1.2992 1

0.4987819 0.2787356 -0.8206847 0
-0.1447387 0.960368 0.2382104 0
0.8545569 -3.018975E-05 0.519358 0
-1.07218 1.392634 1.565859 1

-0.498785 0.2787392 -0.8206815 0
0.1447418 0.9603669 0.2382127 0
0.8545544 3.001839E-05 -0.5193618 0
1.072176 1.392634 1.565854 1

0.6096194 0.7645265 -0.2094359 0
-0.7230473 0.6445924 0.2484016 0
0.3249105 1.609325E-06 0.9457449 0
-2.206217 1.130342 1.261786 1

-0.6096181 0.7645264 -0.2094401 0
0.7230453 0.6445925 0.2484071 0
0.3249173 -1.296401E-06 -0.9457425 0
2.206215 1.130343 1.261791 1

0.3422636 0.9287152 0.1426323 0
-0.8572438 0.3707943 -0.3572743 0
-0.3846933 1.126528E-05 0.9230447 0
-2.825651 0.382126 -0.05549118 1

-0.3422563 0.928719 0.1426252 0
0.8572518 0.3707846 -0.357265 0
-0.384682 -1.044571E-05 -0.9230492 0
2.825649 0.3821219 -0.0554888 1

-0.0004481673 0.2405756 -0.9706305 0
-0.001152724 0.9706297 0.240576 0
0.9999993 0.001226617 -0.0001576795 0
-2.544813 0.0003147721 -1.098575 1

0.0007285476 0.2404899 -0.9706516 0
0.001084834 0.9706511 0.2404905 0
0.9999993 -0.001228209 0.0004461777 0
2.544822 0.0003153682 -1.098575 1

0.2806319 0.7601022 -0.5860807 0
-0.3295748 0.649803 0.6849357 0
0.901458 0.0009426773 0.432866 0
-0.1607291 0.8563616 1.481923 1

-0.2968427 0.7659251 -0.5703013 0
0.3551016 0.6429291 0.6786348 0
0.8864465 -0.001067065 -0.46283 0
0.1559387 0.861694 1.481188 1

0.3337935 0.7008759 -0.630361 0
-0.327882 0.7132832 0.6194516 0
0.8837847 -8.481741E-05 0.4678939 0
-1.523066 1.140664 2.307737 1

-0.3337893 0.7008767 -0.6303625 0
0.3278788 0.7132826 0.6194541 0
0.8837875 8.463115E-05 -0.4678886 0
1.523065 1.140661 2.307729 1

0.3486066 0.9278092 -0.1328294 0
-0.8669899 0.3730552 0.3303912 0
0.3560928 -1.475215E-05 0.9344506 0
-2.8095 0.3737621 1.469045 1

-0.3486101 0.9278075 -0.1328322 0
0.8669868 0.3730594 0.3303947 0
0.356097 1.513958E-05 -0.9344491 0
2.809496 0.3737636 1.469054 1

-3.537536E-05 -0.004750177 -0.999989 0
3.278255E-06 0.999989 -0.004750043 0
1 -3.416882E-06 -3.553093E-05 0
-2.966379 0.0002685785 -0.114137 1

3.455579E-05 -0.004750445 -0.9999887 0
-6.854534E-07 0.999989 -0.004750282 0
1 9.385139E-07 3.452938E-05 0
2.966372 0.0002689958 -0.1141307 1

-0.3231583 0.9179534 0.2300665 0
0.7512285 0.3966816 -0.5275413 0
-0.5755213 0.002353102 -0.8177838 0
-0.2138573 0.7124618 1.592878 1

0.2840931 0.9444437 0.1652797 0
-0.8202021 0.3286636 -0.4682403 0
-0.4965478 -0.0025388 0.8680059 0
0.2115825 0.7181198 1.588092 1

0.105307 0.9343278 -0.3405025 0
-0.2752784 0.3564146 0.8928554 0
0.9555795 -0.0002908781 0.2947332 0
-1.88611 0.3783715 2.993336 1

-0.105298 0.9343262 -0.3405103 0
0.2752508 0.3564193 0.8928617 0
0.9555885 0.0002907217 -0.2947043 0
1.886105 0.3783662 2.99333 1

3.606826E-05 0.01999325 -0.9998001 0
0.0002586544 0.9998001 0.01999334 0
1 -0.0002594157 3.086637E-05 0
-2.949777 0.0004174709 1.522494 1

-3.752112E-05 0.01999269 -0.9998001 0
-0.0002613068 0.9998001 0.01999272 0
1 0.0002619464 -3.220164E-05 0
2.949776 0.0004170537 1.522505 1

0.9999884 0.003885514 -0.002949306 0
-0.003869097 0.9999771 0.005600289 0
0.002971143 -0.005588785 0.9999804 0
-0.180546 0.6178387 1.569162 1

0.9999915 -0.003247647 0.002558909 0
0.003235443 0.9999835 0.004775777 0
-0.00257425 -0.004767299 0.9999855 0
0.1813695 0.6176793 1.570515 1

-0.0001527369 -0.3624998 -0.9319838 0
0.0005533099 0.9319838 -0.3624999 0
0.9999999 -0.0005710381 5.828662E-05 0
-1.928707 0.0004241467 3.131074 1

0.0001526177 -0.3624999 -0.9319837 0
-0.000553295 0.9319836 -0.3625001 0
0.9999998 0.0005709116 -5.836543E-05 0
1.928698 0.0004237294 3.13107 1

0 0.2413995 -0.9704258 0
0 0.9704258 0.2413995 0
1 0 0 0
-5.963172E-34 0.6409247 0.3624817 1

0 -0.00473924 -0.9999888 0
0 0.9999888 -0.00473924 0
1 0 0 0
-1.637353E-32 0.5906839 0.5395235 1

0.618764 -0.7386176 0.2675353 0
0.6782233 0.6741245 0.2925223 0
-0.3964143 0.0004463792 0.9180716 0
-0.412618 0.6672158 0.2958989 1

-0.6185979 -0.7386553 0.2678157 0
-0.6783255 0.674083 0.292381 0
-0.3964988 -0.0007999092 -0.9180351 0
0.412618 0.6672155 0.295899 1

-0.01109099 -0.6011512 0.7990584 0
-0.008341338 0.7991353 0.6010933 0
-0.9999038 1.504319E-06 -0.01387761 0
1.255557E-17 0.8171163 0.1895958 1

0 0.02007632 -0.9997985 0
0 0.9997985 0.02007632 0
1 0 0 0
7.292292E-33 0.5642417 0.7253731 1

0.7229202 -0.6772316 0.1369067 0
0.6653925 0.7357698 0.1260779 0
-0.1861157 -4.754961E-05 0.9825279 0
-0.4709961 0.6339823 0.4574237 1

-0.7229224 -0.6772287 0.1369105 0
-0.6653883 0.7357726 0.1260831 0
-0.1861222 4.968047E-05 -0.9825266 0
0.470996 0.6339825 0.457424 1

0.822572 0.2736788 0.498473 0
-0.2340226 0.9618211 -0.1418925 0
-0.5182748 6.277859E-05 0.8552142 0
-1.07137 1.453568 0.01107383 1

-0.8225833 0.2736648 0.498462 0
0.2337779 0.961825 -0.1422696 0
-0.5183674 -0.0004991591 -0.855158 0
1.071193 1.453607 0.01077545 1

-0.01135058 0.1847673 0.9827168 0
0.002131235 0.9827824 -0.1847549 0
-0.9999334 -2.674991E-06 -0.01154894 0
0.008870515 1.297914 -0.4494868 1

0 -0.3616938 -0.932297 0
0 0.932297 -0.3616938 0
1 0 0 0
